1545 3867 1545 3867
1765 3007 3310 6874
1659 2667 4969 9541
1664 3560 6633 13101
1689 4406 8322 17507
1736 5132 10058 22639
1668 2033 11726 24672
1545 4855 13271 29527
1749 3209 15020 32736
1652 5576 16672 38312
1517 4765 18189 43077
1358 3059 19547 46136
1468 2498 21015 48634
1526 4103 22541 52737
1722 4569 1722 4569
1769 4140 3491 8709
953 3424 953 3424
1798 4905 2751 8329
1692 4857 4443 13186
1697 5263 6140 18449
1722 5125 7862 23574
1769 4533 9631 28107
1701 1859 11332 29966
1578 6041 12910 36007
1782 3388 14692 39395
1685 6181 16377 45576
1550 4430 17927 50006
1391 1935 19318 51941
1501 5620 20819 57561
1559 3487 22378 61048
